<?xml version="1.0" encoding="UTF-8" standalone="no"?>
<!DOCTYPE svg PUBLIC "-//W3C//DTD SVG 20010904//EN"
              "http://www.w3.org/TR/2001/REC-SVG-20010904/DTD/svg10.dtd">

<svg xmlns="http://www.w3.org/2000/svg"
     width="1.70667in" height="1.70667in"
     viewBox="0 0 512 512">
  <path id="Sélection"
        fill="none" stroke="black" stroke-width="1"
        d="M 88.00,181.71
           C 97.94,179.56 110.49,182.71 119.00,188.09
             129.31,194.62 128.03,198.98 140.00,199.00
             140.00,199.00 179.00,199.00 179.00,199.00
             179.00,199.00 373.00,199.00 373.00,199.00
             385.18,198.98 379.54,196.45 391.00,188.75
             397.09,184.66 407.67,181.52 415.00,181.09
             419.74,180.82 426.48,182.20 431.00,183.67
             447.93,189.18 456.08,200.10 460.12,217.00
             460.98,220.63 462.07,225.31 461.90,229.00
             461.28,242.62 454.00,255.33 443.00,263.21
             428.69,273.46 410.43,274.45 395.00,266.10
             381.40,258.74 384.47,253.03 371.00,253.00
             371.00,253.00 139.00,253.00 139.00,253.00
             126.71,253.02 132.31,255.78 121.00,263.24
             115.36,266.96 103.76,270.89 97.00,271.00
             74.98,271.36 58.06,258.04 52.20,237.00
             48.73,224.56 49.48,215.57 55.90,204.00
             63.29,190.70 74.30,185.96 88.00,181.71 Z" />
</svg>
